0.123
0.113
0.112
0.113
0.112
0.113
0.111
0.117
0.122
0.118
0.121
0.111
0.121
0.115
0.114
0.116
0.116
0.107
0.112
0.116
0.111
0.120
0.110
0.117
0.119
0.113
0.111
0.119
0.112
0.113
0.113
0.112
0.119
0.111
0.116
0.115
0.113
0.112
0.121
0.118
0.109
0.111
0.121
0.119
0.113
0.107
0.111
0.121
0.113
0.122
0.113
0.113
0.113
0.127
0.121
0.115
0.113
0.112
0.120
0.112
0.114
0.127
0.111
0.118
0.117
0.110
0.110
0.120
0.113
0.110
0.106
0.117
0.112
0.111
0.111
0.119
0.115
0.117
0.116
0.110
0.104
0.110
0.109
0.109
0.109
0.109
0.114
0.125
0.112
0.108
0.114
0.112
0.112
0.122
0.110
0.109
0.109
0.114
0.124
0.109
