0.201
0.161
0.154
0.152
0.158
0.152
0.151
0.158
0.156
0.152
0.155
0.152
0.163
0.152
0.152
0.157
0.157
0.158
0.160
0.162
0.158
0.156
0.165
0.157
0.156
0.154
0.154
0.157
0.153
0.158
0.154
0.163
0.158
0.155
0.151
0.158
0.152
0.151
0.156
0.151
0.155
0.157
0.160
0.157
0.156
0.157
0.160
0.163
0.158
0.158
0.157
0.158
0.154
0.166
0.170
0.155
0.156
0.154
0.153
0.160
0.158
0.155
0.158
0.157
0.152
0.156
0.152
0.157
0.163
0.152
0.178
0.157
0.157
0.161
0.153
0.149
0.152
0.142
0.149
0.147
0.142
0.151
0.152
0.144
0.149
0.147
0.146
0.153
0.152
0.144
0.144
0.146
0.145
0.146
0.149
0.147
0.153
0.163
0.146
0.147
