0.135
0.118
0.122
0.115
0.116
0.116
0.115
0.122
0.117
0.117
0.119
0.114
0.119
0.117
0.113
0.119
0.113
0.114
0.113
0.110
0.113
0.120
0.115
0.121
0.117
0.115
0.116
0.120
0.115
0.116
0.117
0.118
0.123
0.115
0.118
0.124
0.118
0.116
0.118
0.117
0.118
0.116
0.117
0.115
0.119
0.121
0.117
0.121
0.108
0.108
0.115
0.114
0.126
0.123
0.116
0.116
0.113
0.117
0.114
0.108
0.112
0.130
0.112
0.109
0.120
0.113
0.119
0.117
0.117
0.127
0.119
0.117
0.118
0.121
0.114
0.114
0.116
0.104
0.103
0.113
0.105
0.105
0.110
0.107
0.109
0.113
0.114
0.114
0.110
0.114
0.115
0.114
0.107
0.113
0.109
0.113
0.105
0.109
0.110
0.116
